5.6090698097239
4.639524096789
4.5933401631094
4.5647578003972
4.5444655515244
4.5286597249347
4.5052043865215
4.4665601376879
4.4302556323354
4.3686610973451
4.3026839365403
4.2381348045542
4.1589471479562
4.0818262669457
4.0156399110563
3.9529439805512
3.8902211579588
3.8359447576969
3.7820244935096
3.7325077848431
3.6833593867022
3.6381835203376
3.5988248923831
3.5541133368455
3.5148923667349
3.4783495201926
3.4463824627837
3.4121200136752
3.3743394418888
3.3447271714127
3.3138193690721
3.2800530710793
3.2498482952776
3.2231185465456
3.1936348736381
3.1626167849863
3.1405361551907
3.1096200550048
3.0855906009201
3.0599611791914
3.0306215621117
3.0026485887387
2.9827743281774
2.957446759638
2.9356445621168
2.9072058802659
2.887522569423
2.8176794891549
2.7878941152281
2.783796613261
2.780238530784
2.7768726933083
2.773072983386
2.770104152569
2.766627181234
2.7640250521019
2.761160670465
2.7583450908742
2.7553317738732
2.7521084738884
2.7496375157729
2.7463608223655
2.7435426813015
2.7411688609216
2.7386845389295
2.7360397034741
2.7325146295708
2.7301478815462
2.7275721800434
2.7247745809281
2.7222182728436
