0.72370862960815 69.201507568359 47.885955810547 230.02972412109 167.21212768555
0.71259933710098 78.65926361084 27.946350097656 215.41040039062 205.83152770996
0.71595633029938 63.479721069336 65.839851379395 208.23808288574 177.68536376953
0.72003793716431 24.809799194336 1 118.64140319824 146.03750610352
0.78968232870102 108.2057800293 47.917083740234 235.74139404297 189.24211120605
0.7269943356514 1 76.074615478516 153.73213195801 239.36776733398
0.81071442365646 107.03525543213 82.719177246094 178.74237060547 234.88040161133
0.84313702583313 106.08457946777 73.097595214844 182.99601745605 245.38104248047
0.8002028465271 137.41728210449 1 201.30311584473 258.95281982422
0.73184645175934 118.68194580078 1 205.20715332031 300
0.73567539453506 106.38134002686 1 251.94241333008 137.99052429199
0.75933355093002 99.776870727539 64.061462402344 251.34278869629 237.71890258789
0.74444425106049 1 1 194.53010559082 206.13609313965
0.72726446390152 196.62965393066 132.29737854004 288.89434814453 260.13772583008
0.75370872020721 123.82649230957 44.990898132324 226.9955291748 277.71145629883
0.7823458313942 105.67316436768 1 259.01565551758 145.57255554199
0.75410658121109 110.42839813232 1 240.81042480469 242.15658569336
0.8815290927887 1 45.711502075195 112.75466918945 300
0.70542305707932 1 208.31132507324 300 300
0.72198921442032 60.686141967773 46.331878662109 300 163.75619506836
0.74006146192551 1 46.717750549316 151.49095153809 246.65933227539
0.78977251052856 263.94485473633 91.618019104004 300 186.44009399414
0.72848135232925 182.6385345459 118.25567626953 247.5948638916 191.21691894531
0.75207215547562 186.51184082031 107.28076171875 257.63952636719 185.90435791016
0.72572755813599 188.9536895752 94.454010009766 267.22686767578 179.89181518555
0.71534287929535 200.33483886719 54.526077270508 270.97653198242 101.17294311523
0.73628181219101 179.31761169434 66.875679016113 247.21235656738 111.07051849365
0.71460497379303 149.91993713379 81.172271728516 229.0701751709 120.33529663086
0.74076753854752 147.65406799316 88.638313293457 220.70149230957 121.54535675049
0.70330309867859 1 85.454200744629 49.908470153809 120.41695404053
0.70130103826523 138.66786193848 109.06313323975 234.97959899902 141.27565002441
0.70446437597275 166.83294677734 125.53923034668 264.83715820312 158.99827575684
0.70053124427795 258.18151855469 55.623188018799 281.97180175781 180.52085876465
0.71776157617569 1 1 49.046783447266 96.937622070312
0.76570975780487 1 1 48.874706268311 97.702896118164
0.74001348018646 1 2.2280921936035 78.72492980957 124.50772094727
0.74746435880661 1 1 46.161056518555 91.263008117676
0.72886514663696 2.7716064453125 7.8556175231934 83.252105712891 120.53326416016
0.72290760278702 243.63424682617 21.492626190186 300 127.92489624023
0.73685503005981 1 1.3493537902832 52.834342956543 107.90219116211
0.71713024377823 1.4285316467285 25.937965393066 81.221115112305 142.95690917969
0.75780540704727 188.00231933594 40.898632049561 270.03533935547 129.17063903809
0.76712882518768 252.08863830566 35.458019256592 300 124.84175109863
0.70035582780838 238.84545898438 28.68058013916 300 167.42752075195
0.7453573346138 11.42760848999 38.898952484131 54.973773956299 132.50459289551
0.73034018278122 3.0572776794434 54.794006347656 72.213912963867 163.4506072998
0.73374032974243 10.277164459229 60.888195037842 105.46983337402 164.38711547852
0.72316652536392 59.417911529541 71.21369934082 141.89199829102 155.95570373535
0.70176202058792 73.088523864746 67.781188964844 143.24792480469 153.32684326172
0.73012989759445 128.68334960938 89.645561218262 196.37576293945 164.72528076172
0.77870815992355 158.76910400391 76.65657043457 224.64614868164 167.84568786621
0.84227311611176 191.2075958252 52.183002471924 254.11387634277 155.65417480469
0.85188275575638 206.87712097168 43.134937286377 271.29727172852 150.94691467285
0.77522897720337 219.46209716797 26.638107299805 296.47448730469 148.84629821777
0.76208603382111 246.7696685791 47.112621307373 300 150.16770935059
0.73855900764465 15.76665687561 58.612716674805 55.228736877441 137.00486755371
0.73544031381607 4.5320701599121 63.822036743164 71.060836791992 171.72296142578
0.76726430654526 17.910934448242 62.053688049316 104.32715606689 171.26177978516
0.71370989084244 38.518199920654 71.364189147949 132.45845031738 172.2236328125
0.70414692163467 67.207794189453 79.629486083984 152.77960205078 176.21305847168
0.70755571126938 138.07077026367 90.519897460938 206.72277832031 179.69055175781
0.79482352733612 141.41276550293 81.160369873047 216.51075744629 158.39468383789
0.82794737815857 170.57342529297 78.575317382812 240.78784179688 155.40049743652
0.84862077236176 206.69595336914 68.557426452637 269.56253051758 148.59799194336
0.83940476179123 213.30697631836 66.234367370605 279.00698852539 149.69000244141
0.759457051754 234.16561889648 60.717391967773 300 169.51776123047
0.71498709917068 251.35523986816 72.816589355469 300 180.83288574219
0.73676943778992 6.3079166412354 66.997207641602 56.47135925293 140.58203125
0.72047770023346 4.2544746398926 78.822982788086 102.16102600098 177.7400970459
0.71138042211533 155.36813354492 82.335891723633 233.61016845703 178.6537322998
0.8254828453064 159.03103637695 88.416160583496 241.56573486328 167.70404052734
0.85285532474518 186.32073974609 72.709136962891 256.86706542969 158.35614013672
0.86412298679352 212.4287109375 82.039703369141 276.36590576172 158.7859954834
0.84092730283737 212.99841308594 87.197189331055 279.9328918457 165.55107116699
0.73732399940491 232.61126708984 67.228324890137 300 171.30618286133
0.79813098907471 168.08334350586 97.935348510742 251.99969482422 177.41230773926
0.83322882652283 198.58366394043 88.123657226562 262.67932128906 172.12249755859
0.82930308580399 203.16558837891 104.37181091309 262.87954711914 190.25605773926
0.81598079204559 212.0495300293 113.65557861328 277.10327148438 208.4143371582
0.70701062679291 222.328125 99.514350891113 300 206.60580444336
0.75430107116699 197.45251464844 75.330795288086 267.78131103516 180.39442443848
0.77633368968964 198.10202026367 94.599670410156 257.73516845703 205.61578369141
0.77061116695404 205.99731445312 118.37130737305 267.80752563477 226.49813842773
0.71214467287064 195.8981628418 96.085372924805 260.99520874023 183.34901428223
0.7276439666748 197.29794311523 116.34133911133 252.85214233398 196.99566650391
0.76673358678818 1 1 72.83544921875 141.67422485352
0.74331682920456 45.617393493652 1 142.29574584961 129.33053588867
0.71184527873993 40.079898834229 4.6980667114258 115.39028930664 214.16284179688
0.78954076766968 30.132606506348 62.237533569336 174.93896484375 176.60321044922
0.82367569208145 8.6763381958008 33.180168151855 176.89807128906 150.21325683594
0.82427543401718 81.34122467041 57.203521728516 226.74771118164 168.60870361328
0.8010927438736 88.397743225098 34.392150878906 161.35983276367 138.08720397949
0.73716193437576 145.61047363281 18.547351837158 222.78686523438 131.40588378906
0.72168898582458 60.151683807373 53.981887817383 153.4549407959 206.50437927246
0.70614230632782 99.575958251953 1 217.78323364258 214.04791259766
0.75286453962326 25.625778198242 96.787979125977 193.30131530762 225.84541320801
0.77668792009354 61.495506286621 71.814155578613 202.97402954102 210.37731933594
0.82764261960983 135.35380554199 53.391639709473 257.11517333984 194.80715942383
0.79601097106934 161.57455444336 45.365081787109 243.12924194336 189.99906921387
0.74608010053635 131.74739074707 38.427787780762 242.44877624512 179.02499389648
0.78495562076569 232.42266845703 52.89665222168 300 199.68077087402
0.7204008102417 105.95596313477 1 188.06942749023 210.57640075684
0.77081960439682 71.072998046875 72.809631347656 173.92340087891 236.56558227539
0.82872670888901 102.43420410156 16.812110900879 179.85897827148 179.5576171875
0.83588802814484 143.86277770996 46.758712768555 233.60081481934 146.59745788574
0.78831350803375 199.88970947266 61.480648040771 268.33615112305 180.38751220703
0.74452543258667 157.36233520508 42.360076904297 274.14981079102 202.41998291016
0.7389720082283 226.9455871582 99.30046081543 300 218.29624938965
0.75377452373505 62.39270401001 26.637634277344 118.32641601562 164.58224487305
0.7281368970871 112.49934387207 23.835205078125 169.71266174316 182.60987854004
0.70325183868408 104.94556427002 56.16482925415 175.79235839844 184.07676696777
0.84976953268051 166.32307434082 71.388069152832 227.97886657715 174.78182983398
0.83396673202515 184.35815429688 90.643844604492 253.28494262695 185.8062286377
0.76041316986084 170.06666564941 82.990516662598 265.46264648438 222.31298828125
0.709801197052 150.44561767578 61.842849731445 248.13946533203 222.06935119629
0.77827942371368 181.39604187012 63.056373596191 276.40121459961 201.07321166992
0.757663667202 168.78924560547 67.885612487793 279.66470336914 269.74301147461
0.74257481098175 12.197067260742 1 166.74937438965 84.208084106445
0.79277044534683 59.104095458984 25.86971282959 182.66218566895 104.60688018799
0.79975348711014 91.748176574707 34.19709777832 195.87673950195 136.56153869629
0.70160895586014 1 24.785163879395 43.980697631836 116.28720855713
0.72032034397125 3.827953338623 56.70235824585 101.86552429199 121.7639465332
0.72322154045105 62.452068328857 50.762023925781 137.8667755127 116.76034545898
0.7213739156723 1 12.801681518555 114.52362060547 128.7462310791
0.73875325918198 16.286056518555 1 147.3010559082 120.16799926758
0.75384432077408 70.229232788086 1.8490829467773 179.89186096191 104.61784362793
0.73639976978302 161.63265991211 47.393115997314 244.52694702148 154.42988586426
0.84069889783859 67.688369750977 11.889656066895 161.73991394043 198.07870483398
0.8708758354187 85.989547729492 43.127227783203 191.89002990723 150.48536682129
0.77894532680511 112.55528259277 76.407241821289 193.48902893066 158.96354675293
0.73686158657074 67.262985229492 44.053009033203 185.40631103516 205.51611328125
0.79820245504379 55.22339630127 67.545166015625 166.20669555664 183.96255493164
0.84109282493591 61.477493286133 121.8076171875 140.92106628418 206.70706176758
0.75012868642807 90.487609863281 13.612987518311 174.83447265625 119.90267944336
0.74215561151505 106.39721679688 16.311531066895 200.22024536133 149.40496826172
0.83996695280075 1 7.2884521484375 46.28800201416 169.40097045898
0.8963480591774 33.3987159729 75.662185668945 103.49835205078 224.71754455566
0.85129851102829 32.644317626953 1 136.09103393555 273.12121582031
0.78798198699951 67.66739654541 19.843795776367 168.34869384766 300
0.76686674356461 74.055679321289 80.020530700684 191.62171936035 300
0.76876628398895 41.260780334473 97.14427947998 202.39733886719 236.19589233398
0.78910386562347 76.606292724609 34.316253662109 229.98889160156 167.57197570801
0.78733915090561 221.89151000977 61.241737365723 300 203.50491333008
0.84362757205963 5.7506084442139 25.372497558594 55.09489440918 195.58734130859
0.93038606643677 13.197116851807 72.198318481445 80.478897094727 251.30769348145
0.862737596035 8.8877334594727 1 142.78179931641 283.59228515625
0.84225624799728 57.763206481934 47.242851257324 174.68231201172 294.74780273438
0.87670946121216 42.245483398438 45.006896972656 155.17333984375 261.75744628906
0.91143923997879 50.815185546875 1 223.24548339844 251.65286254883
0.89488011598587 101.44400024414 3.3044891357422 258.51235961914 239.44555664062
0.81712812185287 184.8755645752 29.596244812012 270.61947631836 244.73892211914
0.7344211935997 213.53118896484 54.731773376465 300 250.18536376953
0.84777367115021 205.26681518555 40.938056945801 300 200.64190673828
0.75931411981583 4.1076850891113 34.276039123535 62.32825088501 249.55960083008
0.9336559176445 33.373962402344 72.74764251709 86.822311401367 281.51467895508
0.81268566846848 20.027877807617 49.587341308594 124.59042358398 215.9225769043
0.771131336689 34.261299133301 29.925666809082 146.40539550781 174.0771484375
0.84945166110992 75.445487976074 6.3948822021484 150.99313354492 156.62861633301
0.91107696294785 109.29191589355 1 209.84053039551 225.96534729004
0.93592196702957 152.55145263672 82.35408782959 258.27587890625 270.28408813477
0.899298787117 173.93858337402 43.506996154785 266.99182128906 257.69421386719
0.74186819791794 203.12815856934 84.167663574219 300 259.7922668457
0.84262728691101 211.19073486328 77.844680786133 300 217.95100402832
0.72858780622482 22.600004196167 87.731941223145 85.653266906738 258.88778686523
0.89634102582932 23.513996124268 128.94390869141 98.705718994141 261.31811523438
0.85382694005966 10.920562744141 100.19720458984 108.76878356934 209.06781005859
0.81982672214508 54.903461456299 89.693923950195 148.63850402832 219.97932434082
0.72918117046356 110.6665802002 28.666870117188 173.2557220459 228.65887451172
0.79878503084183 126.72147369385 24.838691711426 210.5495300293 273.88540649414
0.93647807836533 169.32815551758 162.09117126465 241.17797851562 300
0.93785297870636 154.98921203613 98.500213623047 243.1382598877 284.17266845703
0.83032548427582 172.05155944824 55.379379272461 280.06604003906 230.30714416504
0.79328227043152 219.63348388672 144.5652923584 299.80895996094 281.18225097656
0.87114733457565 1 181.61608886719 90.845924377441 300
0.80258625745773 13.3352394104 82.077163696289 122.25456237793 274.68664550781
0.92607349157333 142.25907897949 133.8450012207 235.67314147949 300
0.9287383556366 167.96980285645 41.354919433594 265.19921875 300
0.72151577472687 183.98341369629 95.800910949707 298.52502441406 300
0.80245447158813 153.69064331055 134.99508666992 247.51080322266 300
0.88200372457504 207.92855834961 92.710632324219 283.46231079102 300
0.74652945995331 208.19169616699 196.94245910645 262.35211181641 283.14654541016
0.76299583911896 11.635499954224 73.109329223633 59.537445068359 164.59230041504
0.71883606910706 28.168365478516 77.14958190918 99.19563293457 175.8882598877
0.80244427919388 258.58010864258 1 300 138.53720092773
0.77722173929214 13.251356124878 29.972270965576 57.344619750977 152.7608795166
0.80231058597565 29.996166229248 67.725646972656 107.3077545166 197.51397705078
0.86045670509338 256.56878662109 1 300 172.13296508789
0.7353430390358 9.4195880889893 67.239952087402 61.341598510742 189.93960571289
0.73317331075668 184.70635986328 55.241081237793 255.55435180664 246.62289428711
0.71297186613083 200.99755859375 1 297.09622192383 204.451171875
0.87091845273972 256.80346679688 1 300 161.41467285156
0.7986181974411 192.56860351562 82.80680847168 271.58547973633 207.34419250488
0.80018663406372 200.05062866211 37.450050354004 284.73443603516 207.51428222656
0.8070952296257 184.24566650391 1 299.98159790039 152.83227539062
0.86450129747391 263.21673583984 1 300 178.38812255859
0.82810306549072 188.61663818359 52.722633361816 259.58874511719 261.41455078125
0.87477505207062 210.57751464844 26.505821228027 300 259.63079833984
0.76361459493637 218.00747680664 1 300 277.50622558594
0.77365911006927 219.11022949219 100.46999359131 300 235.05834960938
0.78555136919022 1 1 33.591735839844 184.68753051758
0.83560717105865 1 1 66.548858642578 175.74746704102
0.85488146543503 32.432964324951 1 127.33399963379 107.12197113037
0.81802719831467 40.623622894287 1 138.58741760254 156.09875488281
0.81971150636673 1 1 123.58184814453 164.64424133301
0.81362295150757 13.953758239746 1 143.9938659668 171.34518432617
0.82408744096756 213.99696350098 16.592582702637 283.00390625 128.52856445312
0.81169098615646 1 17.80729675293 32.827011108398 208.25163269043
0.85020518302917 1 1 53.573013305664 227.23573303223
0.85555958747864 32.026844024658 1 120.37754821777 186.82336425781
0.83231467008591 43.203811645508 1 132.84260559082 192.06776428223
0.78968590497971 39.364551544189 8.1673278808594 138.71769714355 227.85772705078
0.83592975139618 79.860572814941 1 172.92239379883 202.66821289062
0.83347904682159 68.037322998047 1 201.9587097168 119.30081176758
0.74197024106979 147.77896118164 54.725234985352 254.71990966797 189.87718200684
0.8290091753006 220.98095703125 39.422142028809 292.68902587891 171.96606445312
0.81543689966202 1 25.789932250977 61.40210723877 224.96069335938
0.82944470643997 1 1 72.226554870605 300
0.86274778842926 97.369926452637 1 211.40789794922 299.48779296875
0.7856143116951 82.39436340332 1 194.69871520996 215.73532104492
0.79046708345413 112.91999816895 100.65726470947 239.5210723877 274.83059692383
0.8698216676712 144.58262634277 50.377975463867 237.30708312988 300
0.85719299316406 131.51663208008 39.840538024902 233.64526367188 279.5544128418
0.78524500131607 171.08056640625 48.96223449707 256.03051757812 245.45899963379
0.81023240089417 224.75852966309 44.970161437988 290.2487487793 213.42572021484
0.79673939943314 7.3939666748047 77.288581848145 88.229934692383 227.52941894531
0.76628756523132 2.1471405029297 1 120.35342407227 285.31811523438
0.85076743364334 82.46607208252 72.765365600586 199.91497802734 300
0.86023283004761 143.11625671387 35.952087402344 226.66035461426 300
0.79174709320068 183.62028503418 37.084899902344 268.0791015625 300
0.70741695165634 216.22926330566 55.693824768066 289.64511108398 244.69274902344
0.73818868398666 44.501777648926 79.675323486328 121.30709075928 232.19705200195
0.75256317853928 73.379440307617 15.171188354492 188.8150177002 300
0.79122912883759 128.48645019531 38.924331665039 239.8447265625 300
0.75843375921249 164.50178527832 104.12713623047 279.89794921875 300
0.70599329471588 1 34.232620239258 66.461601257324 97.876388549805
0.89530682563782 1 1 82.600746154785 185.3412322998
0.9496728181839 62.541732788086 152.84649658203 136.1990814209 272.56744384766
0.97601217031479 103.84320068359 1 285.86190795898 236.48864746094
0.95558047294617 157.87582397461 1 300 300
0.78829526901245 287.61102294922 1 300 218.68733215332
0.87270283699036 93.120040893555 12.49732208252 175.57249450684 215.19107055664
0.91455745697021 40.376861572266 1 128.96533203125 96.392280578613
0.95234000682831 44.232154846191 15.715309143066 215.29748535156 220.30407714844
0.9652738571167 195.12438964844 113.75819396973 300 300
0.82168090343475 168.35931396484 16.505432128906 300 295.26290893555
0.81736713647842 54.791954040527 89.919990539551 191.84985351562 281.89376831055
0.81974369287491 23.073692321777 1 118.24217987061 175.87461853027
0.90331745147705 1 51.277816772461 160.37356567383 244.86445617676
0.92974495887756 1 1 83.214859008789 211.85452270508
0.89842802286148 1 1 165.67028808594 176.17126464844
0.79410779476166 1 44.149024963379 87.919792175293 249.38772583008
0.77614480257034 1 49.134902954102 202.30990600586 218.7820892334
0.88745200634003 19.025482177734 34.998603820801 268.72320556641 140.1767578125
0.70628386735916 50.06254196167 1 131.66368103027 167.47067260742
0.79137814044952 1 52.58528137207 73.827949523926 202.29588317871
0.81573289632797 1 91.32746887207 274.27294921875 199.46333312988
0.82408267259598 1 1 300 175.52035522461
0.78661370277405 194.16488647461 1 257.14462280273 232.20677185059
0.80214464664459 246.63038635254 44.538833618164 300 251.86363220215
0.85489618778229 62.974605560303 113.63148498535 152.732421875 300
0.84916269779205 169.86419677734 53.580772399902 298.17538452148 299.87561035156
0.81140041351318 12.140674591064 273.45550537109 129.92042541504 300
0.82519954442978 1 22.184906005859 70.149749755859 172.70195007324
0.81001698970795 163.50987243652 89.649208068848 256.12780761719 300
0.7661691904068 142.99200439453 198.25408935547 208.70672607422 300
0.87552386522293 1 1 77.979293823242 102.25878143311
0.76148813962936 1 1 220.72947692871 134.0397644043
0.7022550702095 171.35473632812 207.80986022949 252.24639892578 300
0.89108324050903 1 1 68.017364501953 190.03411865234
0.75996822118759 43.973564147949 1 160.33340454102 182.9895324707
0.89126884937286 214.85852050781 80.727676391602 248.70553588867 300
0.74359875917435 15.500633239746 88.993087768555 71.585075378418 280.02801513672
0.87995880842209 171.50573730469 1 279.91018676758 300
0.75159990787506 245.45562744141 124.24227905273 300 300
0.8014110326767 135.52229309082 68.915756225586 216.40687561035 300
0.78888702392578 226.86335754395 50.937339782715 300 234.26010131836
0.82744294404984 63.127471923828 17.611503601074 300 182.60565185547
0.93978023529053 1 1 78.779685974121 272.24194335938
0.92016905546188 1 100.51541137695 201.57406616211 269.65707397461
0.93186336755753 72.648910522461 51.356025695801 280.80010986328 192.27542114258
0.92281782627106 86.715919494629 99.050239562988 300 300
0.86306881904602 141.60545349121 1 294.78955078125 187.03268432617
0.92832231521606 18.865501403809 1 147.21911621094 166.26863098145
0.92616254091263 62.107757568359 1 237.25405883789 300
0.86291897296906 12.280471801758 1 277.90179443359 112.55781555176
0.94981235265732 91.415542602539 20.672416687012 257.43829345703 274.80654907227
0.8843868970871 133.41949462891 1 300 145.46054077148
0.73527163267136 234.86193847656 1 300 198.29550170898
0.76358604431152 174.45776367188 5.2868957519531 300 283.38192749023
0.86505007743835 151.00744628906 1 300 104.37573242188
0.87062323093414 1 1 69.352127075195 158.47430419922
0.9616607427597 29.80339050293 64.611740112305 205.29243469238 300
0.949010014534 120.98538208008 98.149719238281 300 282.98202514648
0.7899985909462 130.10107421875 218.1100769043 267.77600097656 300
0.88701486587524 95.01708984375 1 300 269.10632324219
0.90170079469681 217.17083740234 178.08505249023 300 300
0.72973209619522 3.3171310424805 55.233215332031 134.32534790039 287.01400756836
0.84870910644531 1 1 38.168468475342 205.10997009277
0.91670489311218 30.539978027344 83.817375183105 170.88148498535 259.48468017578
0.89362889528275 87.184020996094 1.6640701293945 154.9758605957 250.19793701172
0.89381831884384 1 5.8715209960938 247.70016479492 300
0.93008935451508 117.16316986084 135.90953063965 252.31594848633 300
0.77226889133453 116.40278625488 38.914253234863 231.1788482666 225.6220703125
0.84683054685593 25.529350280762 1 156.38098144531 235.14669799805
0.93434756994247 110.4259262085 135.76556396484 300 300
0.86569678783417 1 85.207473754883 256.75579833984 300
0.94037461280823 1 46.965019226074 76.368911743164 177.63803100586
0.86032956838608 83.766845703125 1 300 181.84603881836
0.89677506685257 149.0046081543 1 249.96215820312 280.27923583984
0.84556043148041 80.467788696289 19.554977416992 291.78869628906 300
0.7685821056366 139.8766784668 111.48578643799 295.14703369141 300
0.76730120182037 12.031585693359 30.06852722168 215.70738220215 300
0.91499328613281 1 6.7985382080078 300 249.53593444824
0.94722676277161 1 55.227088928223 108.67783355713 215.28137207031
0.95269799232483 1 93.598770141602 279.70184326172 300
0.93243992328644 83.46028137207 1 300 300
0.72690826654434 82.676574707031 32.755187988281 299.19427490234 300
0.80601137876511 8.8462753295898 36.927932739258 169.87072753906 300
0.76044410467148 1 1 210.07807922363 202.16177368164
0.81584095954895 1 1 232.9854888916 280.99047851562
0.73071920871735 1 140.0731048584 47.356056213379 268.94097900391
0.72644782066345 1 180.73495483398 113.76039123535 283.71151733398
0.81614720821381 1 236.88235473633 77.41544342041 300
0.7196461558342 66.901817321777 65.196929931641 196.20416259766 254.32864379883
0.73643583059311 87.156944274902 138.68325805664 183.65310668945 277.69857788086
0.72520542144775 33.276664733887 32.967994689941 188.70440673828 200.79537963867
0.71319401264191 84.732147216797 1 240.23336791992 175.98608398438
0.79957354068756 74.662010192871 79.508674621582 210.98413085938 264.50161743164
0.77039337158203 73.312629699707 26.332954406738 202.01666259766 241.4541015625
0.74033510684967 1 239.85302734375 103.94189453125 300
0.77496814727783 29.007843017578 113.41325378418 147.61694335938 174.09071350098
0.75448852777481 45.987686157227 118.74035644531 171.69613647461 193.47265625
0.71417087316513 19.796340942383 291.75442504883 84.776344299316 300
0.88093543052673 77.664970397949 246.51153564453 133.44757080078 295.09509277344
0.74145531654358 38.817119598389 188.14962768555 115.4366607666 251.75646972656
0.83263450860977 50.677101135254 192.0233001709 85.219657897949 300
0.77059382200241 60.936576843262 124.96686553955 127.14459991455 300
0.83537471294403 11.543685913086 194.34393310547 128.56669616699 251.38568115234
0.78930747509003 34.638412475586 156.72821044922 225.4165802002 300
0.74100369215012 41.438507080078 149.03753662109 174.78213500977 300
0.72133058309555 10.695251464844 190.86068725586 113.72579956055 300
0.7705465555191 104.26699829102 167.42710876465 217.02822875977 300
0.80465865135193 119.18669128418 108.1275100708 237.11869812012 245.05737304688
0.74363195896149 127.68487548828 99.611946105957 200.12084960938 239.51446533203
0.70531320571899 14.288955688477 166.54995727539 82.0556640625 300
0.72633248567581 1 190.10589599609 130.78050231934 281.326171875
0.78334826231003 130.44058227539 75.13240814209 235.55099487305 199.16781616211
0.77694123983383 1 118.04763031006 64.131652832031 247.05187988281
0.75873458385468 1 71.066970825195 115.80660247803 141.95024108887
0.86948937177658 81.207206726074 1 195.39312744141 193.06381225586
0.96035724878311 138.13250732422 1 234.759765625 198.23321533203
0.70527428388596 219.43891906738 1 300 120.10199737549
0.78663903474808 57.334648132324 34.509239196777 118.46778106689 245.05062866211
0.91542345285416 111.8822555542 51.001449584961 230.18188476562 214.37333679199
0.9792320728302 52.601959228516 1 170.80328369141 185.18688964844
0.91629904508591 61.066909790039 1 272.212890625 300
0.90783530473709 50.82861328125 1 126.9575958252 176.01498413086
0.9497492313385 140.28729248047 152.14347839355 244.63494873047 252.03257751465
0.86850613355637 1 85.023338317871 300 241.56683349609
0.76683330535889 34.146362304688 7.3839416503906 246.01940917969 231.56811523438
0.82966560125351 1 1 282.56811523438 289.85906982422
0.76374351978302 1 94.357055664062 124.22543334961 271.21264648438
0.94693505764008 1 37.655944824219 123.87059020996 300
0.75327056646347 1 38.581413269043 179.43395996094 266.18154907227
0.80354732275009 34.260772705078 71.807289123535 214.14123535156 281.94052124023
0.8986069560051 1 3.7996826171875 196.01823425293 300
0.75536561012268 128.63372802734 78.790161132812 300 300
0.81184309720993 79.095687866211 170.10076904297 153.81889343262 298.04803466797
0.81068158149719 65.947326660156 220.81201171875 165.38920593262 300
0.75871390104294 1 8.9853820800781 146.81097412109 300
0.77197152376175 64.506217956543 109.14346313477 164.86795043945 268.27603149414
0.86482357978821 1 104.71091461182 125.11859130859 267.48474121094
0.73153173923492 223.05918884277 50.785087585449 284.6442565918 280.14361572266
0.78068709373474 64.068923950195 1 165.74989318848 211.60592651367
0.78176707029343 60.637195587158 1 181.88911437988 195.19580078125
0.71655565500259 11.191934585571 116.99423217773 52.904655456543 300
0.864621758461 25.072334289551 183.99264526367 141.54061889648 300
0.76438903808594 1 160.35217285156 54.248794555664 300
0.81910991668701 9.9274482727051 148.28042602539 98.090393066406 300
0.74184566736221 70.054473876953 233.0094909668 208.78207397461 300
0.79823851585388 1 1 300 150.50506591797
0.92130500078201 83.492065429688 80.582580566406 246.54827880859 288.83801269531
0.77570325136185 117.11724090576 1 282.65872192383 159.42916870117
0.96538978815079 8.408073425293 5.5817718505859 140.77035522461 241.55355834961
0.98022252321243 21.202270507812 1 279.30780029297 169.80844116211
0.89023160934448 244.21379089355 7.759635925293 300 259.08316040039
0.87350904941559 29.003387451172 34.819625854492 111.9390411377 300
0.96998512744904 86.788558959961 1 194.4038848877 300
0.88769382238388 43.218307495117 1 300 54.482261657715
0.75151002407074 75.339347839355 30.251480102539 284.66827392578 239.4334564209
0.77306520938873 103.50513458252 284.68746948242 273.52191162109 300
0.72194570302963 35.405494689941 48.514457702637 196.39950561523 272.84197998047
0.8213317990303 1 1 54.040679931641 300
0.94894248247147 55.043197631836 1 233.33345031738 157.2399597168
0.87009513378143 71.605087280273 164.04234313965 300 293.85766601562
0.90010088682175 19.244766235352 293.30545043945 225.44773864746 300
0.86528712511063 1 151.05680847168 300 300
0.7501859664917 1 171.48217773438 197.09518432617 300
0.8765395283699 116.76141357422 32.497718811035 288.56832885742 262.93542480469
0.85226875543594 152.52192687988 84.930068969727 249.97303771973 300
0.76968616247177 1 6.1526107788086 199.51754760742 185.42819213867
0.87059044837952 163.89779663086 110.36193847656 254.96011352539 300
0.94811630249023 94.465293884277 139.32354736328 231.53967285156 300
0.959792137146 122.12720489502 1 217.98712158203 300
0.77148503065109 102.82469177246 87.511962890625 297.29620361328 300
0.87065464258194 42.326366424561 1 120.35917663574 300
0.94747722148895 1 23.136093139648 225.65921020508 212.43063354492
0.74485301971436 59.583179473877 1 147.4134979248 174.15602111816
0.95168548822403 67.56322479248 1 214.54547119141 257.18130493164
0.91080731153488 1 212.4108581543 71.626480102539 300
0.97379022836685 82.277938842773 110.9765625 187.16020202637 267.76599121094
0.88281667232513 1 192.02641296387 158.30786132812 300
0.94369745254517 81.555854797363 1 262.75036621094 300
0.857266664505 1 11.794647216797 300 185.74722290039
0.93762362003326 1 80.80281829834 143.62139892578 274.91387939453
0.97167843580246 16.331092834473 18.862586975098 259.66052246094 271.52548217773
0.91798281669617 151.06597900391 97.065475463867 271.37823486328 300
0.75099384784698 127.96277618408 148.52185058594 272.86291503906 240.2763671875
0.85437947511673 1 1 298.48175048828 300
0.73807042837143 3.0991516113281 1 205.5451965332 300
0.70272207260132 1 27.930099487305 209.25918579102 238.96965026855
0.78100258111954 9.1116790771484 1 243.33848571777 217.47357177734
0.70310097932816 199.2642364502 21.581253051758 267.89935302734 174.36724853516
0.70427793264389 212.52491760254 1 275.88259887695 187.70254516602
0.73643517494202 141.32421875 20.471069335938 201.80422973633 268.46533203125
0.72161394357681 55.063777923584 1 178.88507080078 103.22774505615
0.70978718996048 178.66946411133 1 283.72473144531 300
0.70348870754242 158.43397521973 125.25280761719 255.82939147949 195.57080078125
0.70471811294556 43.939163208008 69.025939941406 236.99632263184 300
0.81734120845795 112.125 125.29975128174 247.33584594727 286.76910400391
0.74628794193268 147.28829956055 114.47916412354 252.27487182617 269.94683837891
0.83682596683502 99.073402404785 1 245.00326538086 182.66688537598
0.85874003171921 157.01190185547 11.181686401367 261.04684448242 192.36619567871
0.7361621260643 199.23373413086 88.889213562012 279.28625488281 253.43780517578
0.73479920625687 146.46925354004 57.082763671875 231.89085388184 260.44613647461
0.800716817379 180.98428344727 82.532867431641 260.92572021484 241.35681152344
0.74041390419006 184.22756958008 120.534324646 282.138671875 263.44802856445
0.79559946060181 22.116523742676 55.111434936523 193.76794433594 206.47438049316
0.78659635782242 18.083808898926 52.50626373291 170.92697143555 214.9206237793
0.74738466739655 140.39163208008 1 255.75485229492 142.53903198242
0.80066627264023 86.781242370605 119.5832824707 194.82019042969 298.91275024414
0.82448416948318 54.465518951416 132.34275817871 169.11822509766 270.50738525391
0.73822176456451 62.370666503906 135.72537231445 166.78443908691 272.43609619141
0.71341210603714 189.04235839844 124.21221160889 288.36236572266 269.58392333984
0.95037615299225 107.69508361816 81.889709472656 300 213.73498535156
0.91289764642715 119.62084197998 1 271.30581665039 145.05569458008
0.81973773241043 113.00634765625 135.80776977539 300 259.44158935547
0.99068111181259 87.814636230469 37.148315429688 300 286.20440673828
0.99152690172195 89.967895507812 1 228.29257202148 300
0.83532404899597 72.762954711914 93.861633300781 207.8217010498 300
0.90876066684723 37.967071533203 100.51219177246 194.91088867188 290.57824707031
0.94930189847946 144.8642578125 1 264.99066162109 249.17138671875
0.85622835159302 1 1 279.21942138672 199.83560180664
0.88075017929077 1 7.9404144287109 186.87440490723 300
0.75743418931961 1 96.617301940918 152.61566162109 229.59210205078
0.90830606222153 1 1 170.15267944336 300
0.92363488674164 181.64260864258 26.892105102539 300 300
0.81473749876022 171.76791381836 104.19912719727 270.11071777344 254.56747436523
0.78944551944733 30.912742614746 61.770729064941 183.78259277344 237.41253662109
0.81624674797058 127.00582885742 1 300 300
0.79360800981522 1 1 268.86911010742 185.49105834961
0.7290107011795 142.73184204102 75.865737915039 270.52890014648 300
0.8466392159462 1 110.47578430176 259.3161315918 300
0.87665039300919 176.53070068359 166.45294189453 295.92465209961 300
0.79167371988297 65.540802001953 138.20976257324 141.83169555664 300
0.81115132570267 179.2310333252 163.06214904785 300 300
0.70604771375656 21.938953399658 111.13647460938 94.325775146484 273.92922973633
0.72977524995804 8.6500205993652 181.77026367188 128.77890014648 300
0.79704320430756 78.061996459961 188.34460449219 173.04022216797 300
0.82180392742157 142.10260009766 67.63151550293 262.37753295898 288.22094726562
0.73790860176086 1 33.715866088867 207.99061584473 267.28216552734
0.94995778799057 50.415893554688 5.9683227539062 278.28970336914 296.67626953125
0.94096851348877 114.88845062256 27.081497192383 265.63314819336 300
0.71828490495682 16.341621398926 37.546768188477 157.44512939453 216.40835571289
0.93489813804626 59.418762207031 69.22917175293 249.42855834961 235.82823181152
0.97829616069794 81.19367980957 19.336990356445 220.34590148926 285.19403076172
0.97999566793442 121.40532684326 142.42987060547 272.28253173828 300
0.78828489780426 235.22998046875 126.82190704346 300 260.55645751953
0.84384006261826 3.2184906005859 84.128143310547 196.05787658691 300
0.89878505468369 38.721206665039 1 296.17492675781 179.24157714844
0.95087146759033 132.32962036133 4.371337890625 300 270.79837036133
0.80314517021179 148.96147155762 72.008140563965 300 289.58428955078
0.98525846004486 146.89468383789 1 300 204.19143676758
0.92924052476883 1 108.73519897461 300 259.08325195312
0.7679580450058 1 237.47099304199 156.53396606445 300
0.87383407354355 1 114.6859588623 255.35467529297 300
0.75690418481827 62.0631980896 1 158.5075378418 121.96524047852
0.94723629951477 41.845306396484 1 300 212.37818908691
0.95514011383057 76.444786071777 90.214279174805 185.70785522461 300
0.85679543018341 76.774948120117 82.718040466309 297.20483398438 284.7356262207
0.72814071178436 187.09892272949 113.81064605713 300 281.07559204102
0.95643919706345 96.948348999023 44.531730651855 278.64733886719 296.0305480957
0.85908597707748 38.217472076416 157.80401611328 119.33583068848 300
0.96347844600677 42.384994506836 1 196.94375610352 300
0.94144171476364 53.181488037109 1 300 276.06488037109
0.81580650806427 32.732688903809 1 106.74689483643 300
0.95227885246277 11.946731567383 1 283.32244873047 177.81616210938
0.83325278759003 132.09809875488 6.5254974365234 205.41395568848 300
0.96479934453964 37.261474609375 13.743324279785 300 237.06158447266
0.85184168815613 46.460342407227 131.53346252441 269.24774169922 269.21697998047
0.84868782758713 1 119.61855316162 131.11073303223 175.25732421875
0.95910722017288 48.619842529297 103.00458526611 261.94061279297 300
0.85446739196777 79.517959594727 1 272.11889648438 300
0.94849926233292 106.40649414062 89.860824584961 278.06640625 300
0.78977137804031 38.808807373047 116.76496124268 249.97769165039 255.95648193359
0.88397669792175 155.03308105469 54.391693115234 300 300
0.92350322008133 1 1 265.10986328125 248.57791137695
0.98089748620987 63.56867980957 77.171737670898 300 300
0.96177130937576 32.504737854004 15.635848999023 222.33013916016 300
0.88488721847534 60.135948181152 12.192291259766 273.20315551758 300
0.80661904811859 209.0774230957 32.646926879883 300 300
0.81304210424423 8.8560562133789 31.055862426758 258.96389770508 300
0.77229571342468 1 51.164505004883 190.36878967285 267.06683349609
0.81058591604233 36.71981048584 1 256.64270019531 228.44125366211
0.70908617973328 1 135.64585876465 119.60456848145 300
0.71301394701004 10.506336212158 193.35437011719 103.16818237305 300
0.78347271680832 57.437774658203 59.271957397461 211.35974121094 216.55787658691
0.72441726922989 81.427421569824 42.163047790527 237.57675170898 234.3717956543
0.70652538537979 86.814331054688 183.02674865723 300 277.68661499023
0.88533186912537 1 1 114.50705718994 287.9645690918
0.9487252831459 1 1 134.59545898438 112.98728942871
0.93490988016129 117.40234375 1 300 117.47073364258
0.77254754304886 63.245101928711 2.8941955566406 213.46376037598 273.66546630859
0.98099476099014 73.322341918945 1 300 300
0.9942529797554 164.35855102539 1 300 296.29977416992
0.98674845695496 179.18026733398 1 300 291.69485473633
0.81163132190704 245.83575439453 1 300 202.63441467285
0.83309990167618 63.368766784668 78.401840209961 175.03134155273 300
0.97607928514481 1.2186889648438 25.354278564453 297.08520507812 300
0.9852928519249 233.9072265625 100.96726226807 300 288.65347290039
0.96196138858795 153.19232177734 130.51123046875 261.33651733398 300
0.79438829421997 160.53823852539 1 230.12457275391 219.64222717285
0.79875159263611 1 53.303413391113 253.62982177734 128.33892822266
0.8673090338707 1 133.23774719238 300 264.58306884766
0.84402811527252 104.75146484375 58.867393493652 287.03793334961 246.6994934082
0.96200263500214 1 93.772903442383 239.36128234863 228.67195129395
0.94838815927505 1 1 197.14443969727 222.12019348145
0.96289253234863 54.416732788086 1 228.43226623535 296.04229736328
0.87135237455368 1 2.751350402832 57.717391967773 227.53604125977
0.88899064064026 1 50.048004150391 59.355453491211 244.60983276367
0.91415506601334 39.514869689941 96.125030517578 244.66302490234 280.92147827148
0.75317275524139 1 1 93.401802062988 300
0.86304569244385 1 1 -8.6175918579102 277.05319213867
0.76766854524612 1 1 -1.7750625610352 295.0048828125
0.75707638263702 1 58.848960876465 124.9753112793 230.62713623047
0.82328116893768 35.655029296875 1 158.65727233887 300
0.7066336274147 137.57638549805 75.052192687988 286.54623413086 240.84317016602
0.70047849416733 1 1 175.71145629883 144.9421081543
0.74275976419449 90.357528686523 1 232.26182556152 157.99201965332
0.86848115921021 174.24830627441 88.757034301758 265.10412597656 197.02275085449
0.74173933267593 28.833221435547 1 300 300
0.86160898208618 123.2993850708 84.505256652832 264.05279541016 300
0.85090070962906 167.61329650879 184.93850708008 233.24781799316 273.62170410156
0.70091086626053 48.943901062012 147.12246704102 119.21295928955 300
0.8398654460907 1 152.22763061523 130.1731262207 300
0.89692503213882 71.135604858398 178.99792480469 185.52442932129 300
0.87528920173645 89.547729492188 165.20104980469 240.78860473633 300
0.79369705915451 1 43.518157958984 108.08879089355 263.29135131836
0.70082527399063 1 191.18344116211 95.111396789551 300
0.89980620145798 1 75.895248413086 116.58448791504 300
0.84433513879776 88.042251586914 136.95330810547 195.81324768066 300
0.87609875202179 154.51879882812 103.11521911621 254.94143676758 300
0.72262060642242 190.21374511719 64.764045715332 300 283.06091308594
0.88350242376328 117.50547027588 1 278.32028198242 270.95416259766
0.96090537309647 8.3610687255859 1 300 272.11489868164
0.93801468610764 204.0234375 34.93196105957 300 255.83311462402
0.85842490196228 141.64566040039 1 284.41055297852 154.45091247559
0.70830339193344 4.6757736206055 178.83934020996 149.46688842773 300
0.97743600606918 64.4111328125 69.995254516602 283.78570556641 267.49053955078
0.99337714910507 35.573707580566 128.30075073242 241.40798950195 220.0432434082
0.9829209446907 125.52097320557 68.266899108887 278.17684936523 257.74114990234
0.93422591686249 72.035263061523 1 190.14939880371 133.67987060547
0.84081172943115 1 166.18737792969 76.654312133789 300
0.95787703990936 51.022796630859 103.48281097412 206.90661621094 290.35211181641
0.98165214061737 1 134.81555175781 173.2317199707 274.42849731445
0.97969394922256 62.13924407959 36.656059265137 220.37008666992 286.57202148438
0.91679757833481 106.29730987549 15.723693847656 234.58999633789 262.26727294922
0.7909671664238 1 183.09886169434 69.29190826416 300
0.73268693685532 35.861061096191 129.28987121582 123.35749053955 283.68908691406
0.74643927812576 70.403846740723 83.269828796387 256.24798583984 300
0.85424262285233 290.96154785156 81.453094482422 300 213.28735351562
0.91616874933243 1 1 176.54472351074 222.38125610352
0.98247772455215 83.595581054688 1 279.36169433594 249.4206237793
0.96112483739853 42.661880493164 89.208511352539 267.54461669922 291.60766601562
0.91554564237595 59.264007568359 246.27557373047 181.52886962891 300
0.95649647712708 1 254.09014892578 170.00875854492 300
0.83660840988159 67.664825439453 1 196.49465942383 252.64552307129
0.86657559871674 1 154.18524169922 216.44223022461 300
0.97439414262772 5.3027496337891 1 300 292.00189208984
0.95036059617996 106.12811279297 1 185.47351074219 300
0.72238457202911 1 139.40020751953 91.839973449707 297.33248901367
0.75197738409042 1 114.34088134766 -46.445587158203 300
0.93728303909302 1 148.90077209473 300 300
0.97910058498383 51.620002746582 108.17952728271 209.03198242188 300
0.95099425315857 56.917095184326 199.91091918945 147.40510559082 300
0.97230440378189 26.798080444336 1 300 188.64953613281
0.97898656129837 65.362945556641 1 300 31.070892333984
0.9257230758667 34.521713256836 72.381973266602 109.23501586914 300
0.97804147005081 1 30.062843322754 200.74006652832 271.78305053711
0.95465815067291 114.44859313965 68.109878540039 243.98457336426 244.18901062012
0.98798650503159 109.4608001709 1 300 300
0.86587399244308 1 40.206436157227 300 170.68333435059
0.92378956079483 1 199.32150268555 173.05099487305 300
0.98906427621841 122.696144104 91.70719909668 300 287.05609130859
0.93593943119049 1 2.6748809814453 300 300
0.93696671724319 1 76.715644836426 162.47131347656 289.82077026367
0.98965352773666 60.020484924316 1 206.06256103516 300
0.9387863278389 126.71646881104 93.528182983398 295.54446411133 212.40574645996
0.93289691209793 86.635101318359 153.05383300781 284.50192260742 300
0.94650608301163 117.54132843018 1 300 300
0.98567885160446 45.88582611084 23.287330627441 259.02264404297 229.62878417969
0.97573345899582 106.80535125732 27.502029418945 295.93621826172 300
0.86275762319565 108.11904907227 97.675521850586 223.44100952148 207.17738342285
0.97334516048431 63.267692565918 4.7544250488281 263.64978027344 300
0.86437267065048 211.53335571289 56.951385498047 300 300
0.91367733478546 8.1107788085938 31.562484741211 253.10821533203 300
0.80727034807205 43.891639709473 19.487182617188 241.29034423828 300
0.76617330312729 1 1 298.13806152344 296.68865966797
0.91108721494675 31.34481048584 10.28352355957 234.89010620117 232.45581054688
0.93489396572113 1 1 278.66784667969 273.19488525391
0.7002928853035 91.360328674316 53.919525146484 190.42984008789 243.43182373047
0.70307314395905 81.509735107422 74.213798522949 155.80950927734 267.76382446289
0.7111177444458 18.29076385498 143.95399475098 146.4826965332 288.62542724609
0.76390546560287 1 221.81246948242 192.57983398438 300
0.70221561193466 1 234.96005249023 266.25244140625 300
0.70219171047211 67.51530456543 108.26519012451 180.91577148438 270.73236083984
0.73685705661774 80.959335327148 66.031288146973 203.49198913574 300
0.71673721075058 99.186744689941 123.24855041504 228.21362304688 300
0.7358700633049 79.949058532715 42.069664001465 202.4436340332 265.32891845703
0.72196757793427 89.905517578125 25.423767089844 223.60699462891 294.44586181641
0.81298583745956 77.32347869873 88.941566467285 184.09027099609 221.09121704102
0.81367635726929 121.27780151367 48.243789672852 220.33441162109 273.94836425781
0.7434116601944 154.31567382812 50.621231079102 243.91510009766 300
0.82653254270554 89.323852539062 105.53797912598 169.89315795898 212.44035339355
0.83577221632004 114.34559631348 97.56909942627 186.82157897949 230.3210144043
0.70048582553864 157.51971435547 103.96974182129 236.92181396484 249.00291442871
0.75973170995712 130.93437194824 169.03125 220.76643371582 264.96917724609
0.76773524284363 102.49824523926 92.226150512695 221.45124816895 299.09997558594
0.86725282669067 96.029594421387 95.464195251465 206.50912475586 300
0.77734822034836 42.375175476074 109.30192565918 178.05914306641 300
0.81232511997223 89.701858520508 23.871505737305 189.73320007324 300
0.7564469575882 1 115.85541534424 130.8098449707 300
0.87521040439606 7.3623275756836 1 226.54428100586 252.48236083984
0.7565131187439 58.173271179199 108.24315643311 286.03530883789 300
0.990369617939 5.7972869873047 1 300 300
0.97539687156677 157.88623046875 9.5969619750977 271.23208618164 227.96600341797
0.86785280704498 58.871429443359 199.61709594727 220.03726196289 300
0.982102394104 85.197746276855 169.85539245605 290.9873046875 300
0.99105316400528 218.89678955078 26.776397705078 300 300
0.70101660490036 123.29099273682 156.31295776367 300 300
0.73849350214005 198.19703674316 145.3713684082 300 300
0.93109107017517 1 1 110.61801147461 181.40148925781
0.95692104101181 1 188.13421630859 300 300
0.91380816698074 1 68.511756896973 49.884117126465 198.13082885742
0.96087491512299 2.5598526000977 92.556549072266 141.16491699219 277.33151245117
0.73522073030472 88.314071655273 88.265495300293 177.61140441895 278.96899414062
0.76727741956711 61.20751953125 30.205123901367 230.94714355469 293.57440185547
0.71254670619965 110.26031494141 252.95797729492 221.00616455078 300
0.85997849702835 80.858413696289 230.19235229492 182.47434997559 300
0.7343715429306 150.6692199707 27.679382324219 278.97351074219 300
0.80588525533676 5.9686050415039 105.84400939941 189.00625610352 208.99690246582
0.94278883934021 58.910766601562 122.56842803955 218.86123657227 252.13903808594
0.92359614372253 79.540016174316 19.782020568848 249.10507202148 251.92279052734
0.85437816381454 66.453720092773 1 156.41003417969 300
0.74602508544922 103.06229400635 134.94885253906 202.18988037109 300
0.70726299285889 146.05809020996 68.818664550781 211.82633972168 300
0.93598055839539 90.68465423584 91.826057434082 207.90673828125 270.3190612793
0.9152694940567 128.25384521484 1 291.5498046875 230.13069152832
0.83899921178818 5.8212814331055 16.865692138672 257.4801940918 300
0.80252873897552 1 109.83020782471 215.87580871582 244.71774291992
0.97513592243195 41.940536499023 69.295333862305 300 279.42041015625
0.94504755735397 161.12030029297 99.114349365234 278.81005859375 300
0.87627393007278 1 83.068344116211 147.28343200684 300
0.98433637619019 9.6767425537109 50.359748840332 195.07164001465 226.82751464844
0.95212578773499 104.50003814697 67.153350830078 263.34762573242 228.68759155273
0.82002532482147 186.09799194336 76.027786254883 300 199.27195739746
0.77792197465897 135.81228637695 203.25984191895 241.75955200195 293.94183349609
0.88494098186493 6.5243453979492 226.09805297852 183.65414428711 300
0.9673193693161 109.22727966309 1 300 190.55456542969
0.73365622758865 147.4281463623 78.067985534668 300 232.19213867188
0.93073856830597 97.614654541016 112.66426086426 300 300
0.88122588396072 92.090812683105 105.90576171875 265.9602355957 283.33410644531
0.92313194274902 1 64.347816467285 300 265.9700012207
0.85458952188492 21.012596130371 35.118743896484 158.01806640625 300
0.79857152700424 137.33604431152 113.36542510986 300 290.39093017578
0.95891088247299 56.648002624512 41.804840087891 176.36923217773 287.46636962891
0.86611807346344 131.33419799805 1 300 46.803314208984
0.72181379795074 12.379112243652 1 117.61098480225 300
0.96519166231155 104.26187133789 113.74872589111 295.72702026367 296.1337890625
0.88910531997681 159.86653137207 161.58247375488 293.05755615234 300
0.88526087999344 52.549858093262 1 300 208.10446166992
0.82584846019745 91.281585693359 127.20881652832 262.74002075195 207.47950744629
0.95795488357544 72.976211547852 1 199.88139343262 208.20797729492
0.79387414455414 79.695663452148 1 169.20333862305 300
0.7061984539032 1 123.56030273438 213.5495300293 208.39395141602
0.97504258155823 58.756942749023 1.4373168945312 225.52592468262 300
0.8065447807312 134.63662719727 85.814064025879 247.3645324707 242.48397827148
0.79593074321747 120.13580322266 1 300 251.97091674805
0.95805460214615 96.543106079102 1 288.73150634766 155.42669677734
0.90394997596741 120.66678619385 115.71160888672 300 300
0.74332356452942 49.121597290039 191.07461547852 222.85899353027 292.43865966797
0.91166532039642 147.75471496582 1 296.09521484375 197.77087402344
0.89407330751419 99.025573730469 104.29900360107 300 233.47933959961
0.72970741987228 1 23.212417602539 212.64999389648 300
0.71471560001373 1 12.739685058594 227.47274780273 271.77542114258
0.78015971183777 20.337982177734 1 242.00256347656 300
0.78831452131271 180.33651733398 26.140613555908 221.82913208008 73.531768798828
0.84735810756683 180.2220916748 25.350954055786 222.9351348877 78.423637390137
0.86103397607803 200.19482421875 12.444528579712 242.16635131836 75.169067382812
0.77931022644043 235.1830291748 4.5694122314453 270.63665771484 73.41650390625
0.8640547990799 182.56944274902 20.73398399353 231.77684020996 78.158561706543
0.91011101007462 184.98040771484 5.4068222045898 233.32809448242 72.103736877441
0.92571598291397 214.31880187988 5.7657165527344 260.79846191406 71.758323669434
0.89214128255844 229.91192626953 1 290.96337890625 61.468006134033
0.73184144496918 274.33447265625 1 300 91.322418212891
0.71958339214325 182.24006652832 30.633836746216 228.6036529541 89.950256347656
0.87322872877121 191.21371459961 24.342258453369 246.57363891602 108.06773376465
0.88329291343689 203.30255126953 12.413276672363 253.52911376953 95.286201477051
0.90094548463821 228.1798248291 7.3610572814941 270.42001342773 91.501373291016
0.87621134519577 224.85264587402 2.2849502563477 300 80.306625366211
0.80488723516464 193.35966491699 29.834506988525 257.95031738281 131.22988891602
0.79304605722427 187.80638122559 30.363639831543 251.72343444824 118.44318389893
0.82662129402161 199.81489562988 25.079376220703 255.53715515137 116.36195373535
0.82072204351425 202.05374145508 8.3888778686523 300 100.369972229
0.73895639181137 198.93006896973 32.870849609375 266.94528198242 180.83728027344
0.71350800991058 193.06838989258 44.357189178467 267.13568115234 153.1026763916
0.71949315071106 191.80770874023 37.457565307617 270.38671875 139.40843200684
0.74550479650497 194.84024047852 82.968841552734 241.59893798828 194.7497253418
0.72233986854553 204.53405761719 79.955368041992 263.53237915039 181.88069152832
0.76668971776962 175.07386779785 102.95405578613 221.16767883301 206.91703796387
0.80350267887115 200.03326416016 109.28731536865 250.3720703125 191.91427612305
0.76624929904938 221.10874938965 107.46374511719 276.17666625977 167.52923583984
0.73471212387085 168.63523864746 109.23428344727 221.43186950684 208.03189086914
0.82088363170624 190.19094848633 112.56898498535 244.08099365234 200.02467346191
0.80590665340424 212.64823913574 115.65907287598 267.77893066406 193.86897277832
0.74608069658279 226.6270904541 106.69720458984 285.28802490234 173.46304321289
0.71761572360992 165.01013183594 117.93717956543 224.62097167969 195.78999328613
0.75464707612991 184.62940979004 106.86674499512 240.86708068848 198.1568145752
0.74341183900833 205.79656982422 100.29778289795 263.58987426758 190.79299926758
0.71911418437958 223.56951904297 102.79389953613 279.30313110352 179.97630310059
0.74935376644135 182.79034423828 36.740036010742 269.52166748047 76.154251098633
0.72793388366699 189.10987854004 31.764999389648 267.23785400391 81.720062255859
0.70775204896927 147.4833984375 1 287.41192626953 49.598991394043
0.70182907581329 183.75607299805 25.973323822021 279.51956176758 71.947418212891
0.79962944984436 273.21899414062 16.47580909729 292.43615722656 70.092849731445
0.76240468025208 253.73770141602 1 282.01455688477 90.357498168945
0.81947249174118 272.84344482422 17.274925231934 289.73309326172 81.127388000488
0.75682908296585 251.3722076416 1 283.76531982422 98.716232299805
0.74457311630249 273.35537719727 21.058609008789 293.93502807617 102.57890319824
0.71111297607422 202.10676574707 1 264.39178466797 154.98461914062
0.73069930076599 207.23007202148 1 273.99948120117 163.81292724609
0.78216987848282 246.76699829102 1 285.51065063477 74.869110107422
0.71027481555939 273.56170654297 36.416511535645 295.50091552734 111.28600311279
0.70997780561447 239.29139709473 1 273.26388549805 69.596252441406
0.77031874656677 278.37036132812 18.354373931885 296.00329589844 110.91299438477
0.70201987028122 268.58847045898 1 298.82888793945 121.28526306152
0.76714760065079 272.42065429688 23.096900939941 290.65698242188 147.01049804688
0.72436845302582 188.01141357422 23.004920959473 262.32418823242 141.67016601562
0.71023404598236 209.95309448242 4.9337539672852 272.18530273438 126.07288360596
0.73804515600204 260.86807250977 30.998313903809 290.72982788086 140.76110839844
0.74495226144791 270.5823059082 43.373794555664 287.99166870117 168.10130310059
0.73360329866409 183.5704498291 12.383193969727 268.50729370117 144.67169189453
0.7478306889534 200.15042114258 7.183406829834 286.67904663086 127.92462158203
0.76105320453644 255.02676391602 69.639099121094 300 163.32713317871
0.85787981748581 187.63571166992 26.507579803467 243.92309570312 125.2836151123
0.86246901750565 177.92666625977 38.715843200684 252.65548706055 113.18509674072
0.85833716392517 184.32405090332 46.774505615234 259.50067138672 101.17532348633
0.88462287187576 215.00329589844 35.35636138916 266.72674560547 90.676795959473
0.7523986697197 194.982421875 39.272846221924 265.43832397461 77.563369750977
0.76921874284744 204.57150268555 25.246990203857 268.98721313477 147.36308288574
0.91570299863815 200.92175292969 12.316349029541 255.93502807617 129.35633850098
0.93102473020554 207.07447814941 1 278.16271972656 100.21984863281
0.92173928022385 231.21374511719 1 300 99.06755065918
0.92208802700043 219.31694030762 12.315647125244 287.68103027344 105.32948303223
0.81055694818497 221.19094848633 21.692821502686 283.33380126953 105.20588684082
0.74769896268845 199.38252258301 34.00218963623 260.76861572266 134.61590576172
0.90576463937759 208.91172790527 24.093643188477 267.10763549805 121.86393737793
0.93358409404755 207.53530883789 4.2855072021484 281.67730712891 111.12630462646
0.93527281284332 226.06730651855 1 300 115.72242736816
0.9141988158226 214.861328125 12.042106628418 284.53433227539 124.88303375244
0.82403701543808 237.99098205566 20.949375152588 291.7610168457 140.79583740234
0.86837613582611 209.4411315918 19.086811065674 276.82260131836 127.38487243652
0.91794747114182 206.03848266602 14.898220062256 283.03030395508 132.83920288086
0.92202508449554 221.30322265625 13.107131958008 300 138.59443664551
0.88050311803818 228.63624572754 14.714813232422 297.76290893555 156.16448974609
0.80132591724396 246.27040100098 25.136512756348 300 160.31552124023
0.7925768494606 184.17823791504 19.909839630127 255.44599914551 105.09101867676
0.87196892499924 190.91789245605 33.239303588867 265.18817138672 118.96455383301
0.88357490301132 219.54403686523 31.04976272583 300 131.15873718262
0.8292823433876 227.47821044922 52.09220123291 296.53063964844 165.13717651367
0.74682456254959 248.45565795898 39.250587463379 300 164.55651855469
0.75944006443024 201.26948547363 55.407596588135 273.57434082031 119.79498291016
0.73062920570374 221.18939208984 62.612724304199 300 119.74576568604
0.70080143213272 174.41195678711 52.966728210449 250.01223754883 133.48272705078
0.70838433504105 193.15295410156 64.770431518555 262.70648193359 146.3090057373
0.73474997282028 119.18962097168 89.484527587891 225.19303894043 180.24270629883
0.79319965839386 123.08821868896 64.671234130859 238.65084838867 168.49546813965
0.80936032533646 172.49801635742 26.827133178711 274.69641113281 155.77590942383
0.80242890119553 191.40246582031 37.479446411133 284.52349853516 139.17114257812
0.81449633836746 141.66947937012 106.07247924805 234.48399353027 188.00973510742
0.85934412479401 155.02590942383 81.85595703125 255.5426940918 184.77975463867
0.88053280115128 183.61836242676 42.311248779297 280.58953857422 181.53172302246
0.86476802825928 208.92561340332 59.557426452637 300 161.11099243164
0.71452039480209 199.58978271484 77.207580566406 300 152.78479003906
0.79007476568222 163.73417663574 123.63097381592 246.7398223877 215.23556518555
0.84918415546417 186.80575561523 112.02079772949 283.44119262695 219.76570129395
0.87803685665131 202.41813659668 71.226219177246 300 208.62713623047
0.87402886152267 226.41450500488 62.624031066895 300 186.32647705078
0.78715133666992 207.96145629883 92.000274658203 300 189.01901245117
0.70930147171021 200.75210571289 130.6025390625 281.44436645508 247.01739501953
0.82407373189926 204.45741271973 89.354721069336 290.09484863281 259.47357177734
0.83338248729706 213.77662658691 82.972480773926 293.14685058594 237.47845458984
0.76648718118668 203.34020996094 117.57014465332 284.39459228516 237.27699279785
0.78805011510849 150.77334594727 1 272.21325683594 94.259475708008
0.81452828645706 228.85894775391 24.542739868164 279.001953125 128.52949523926
0.7667623758316 159.59197998047 1 300 155.08349609375
0.90745407342911 219.71716308594 51.727054595947 300 144.27886962891
0.78801143169403 258.60076904297 28.350833892822 300 124.3560333252
0.70771253108978 169.94932556152 20.202217102051 286.41162109375 176.45642089844
0.78716504573822 205.10113525391 64.767303466797 290.86978149414 144.23614501953
0.8390080332756 142.4521484375 88.266716003418 237.13366699219 195.56683349609
0.8301295042038 144.11608886719 98.095275878906 226.37075805664 188.08520507812
0.75783318281174 185.38841247559 137.19897460938 260.66180419922 197.43035888672
0.77413791418076 249.85255432129 92.630218505859 300 140.44924926758
0.77300047874451 132.72973632812 57.258407592773 262.56430053711 158.1720123291
0.78273290395737 197.11404418945 143.24255371094 300 242.57769775391
0.77958810329437 222.74913024902 139.96234130859 284.14007568359 208.75473022461
0.70928210020065 144.01982116699 1 264.80877685547 90.186782836914
0.78094208240509 175.30226135254 31.331462860107 223.7427520752 152.53709411621
0.76102137565613 241.56202697754 9.0363121032715 300 112.74340820312
0.76467049121857 268.4533996582 23.740573883057 300 103.99906921387
0.74562329053879 82.093673706055 1 291.14044189453 187.81831359863
0.90680849552155 244.02423095703 26.604461669922 300 179.23336791992
0.75166821479797 208.47445678711 69.544006347656 295.90481567383 221.80895996094
0.83663266897202 230.05076599121 5.8542709350586 279.47854614258 170.75512695312
0.80919909477234 108.03616333008 59.529556274414 258.07421875 226.70671081543
0.92561650276184 174.49859619141 1 254.71139526367 243.81527709961
0.90628927946091 193.81706237793 55.333480834961 300 269.34497070312
0.72459197044373 221.90928649902 1 281.76211547852 186.23193359375
0.73059380054474 135.95747375488 117.02458953857 271.92950439453 257.03741455078
0.77382725477219 124.74139404297 142.16062927246 235.50436401367 257.78994750977
0.86258536577225 159.6867980957 103.5779800415 241.84518432617 271.9560546875
0.88080859184265 171.41439819336 53.49925994873 264.05413818359 288.98892211914
0.82920658588409 151.11283874512 89.966011047363 276.5924987793 230.58236694336
0.86320126056671 175.27027893066 44.975547790527 258.14663696289 198.75439453125
0.8499316573143 176.39801025391 88.182357788086 242.12643432617 268.150390625
0.82940095663071 225.31707763672 81.269668579102 300 220.84169006348
0.78304815292358 144.36993408203 1 255.35684204102 99.08570098877
0.82154011726379 162.16201782227 1 283.462890625 166.5754699707
0.7984077334404 195.24963378906 23.758590698242 300 195.17810058594
0.81223726272583 212.78396606445 1 299.68051147461 87.468292236328
0.76563042402267 241.85052490234 1 295.005859375 121.14727783203
0.94522851705551 179.03605651855 1 239.62815856934 160.15023803711
0.92730337381363 221.68446350098 1 297.48461914062 155.66720581055
0.82662916183472 245.13296508789 1 300 191.65864562988
0.71317958831787 186.03924560547 1 268.09527587891 156.77368164062
0.73643219470978 203.67880249023 1 300 199.57046508789
0.78864336013794 248.20404052734 1 300 246.03369140625
0.74465298652649 196.01263427734 5.6153106689453 259.64303588867 197.37728881836
0.75622326135635 229.19165039062 1 289.70910644531 34.347942352295
0.74644029140472 101.87636566162 120.99256134033 282.70016479492 248.44839477539
0.85268634557724 188.05810546875 35.83585357666 280.72027587891 214.77395629883
0.73343342542648 245.7336730957 6.3038749694824 300 118.22148132324
0.78358066082001 89.498062133789 122.72541046143 249.58827209473 260.47485351562
0.84121018648148 118.23304748535 107.15530395508 240.08299255371 275.52877807617
0.84840226173401 157.1028137207 21.69246673584 218.0830078125 200.20523071289
0.74583548307419 118.19152069092 77.182746887207 271.03643798828 214.25897216797
0.7998566031456 183.53468322754 81.67301940918 295.17175292969 226.71910095215
0.7220214009285 193.25468444824 15.173728942871 283.150390625 231.48431396484
0.77317357063293 1 1 233.99108886719 141.8212890625
0.83503901958466 203.56867980957 1 283.90139770508 149.16857910156
0.81374353170395 270.943359375 1 300 217.5446472168
0.80815774202347 117.47750091553 39.087020874023 173.88845825195 193.66108703613
0.72627812623978 110.81288146973 52.817779541016 184.04020690918 273.9267578125
0.89020735025406 270.50402832031 1 300 58.225345611572
0.81084984540939 211.75775146484 245.54872131348 281.63851928711 300
0.76556760072708 258.6725769043 325.5007019043 300 300
0.77572816610336 158.37487792969 320.46673583984 284.25326538086 300
0.72863405942917 72.380989074707 64.430923461914 228.29217529297 188.90107727051
