0.72370839118958 76.875 76.875 193.125 193.125
0.71259957551956 106.875 76.875 223.125 193.125
0.7159566283226 52.798835754395 93.899421691895 217.20115661621 176.1005859375
0.72003722190857 34.324546813965 41.441516876221 235.67546081543 108.55848693848
0.78968191146851 34.324546813965 71.441513061523 235.67546081543 138.55848693848
0.72699403762817 64.324546813965 71.441513061523 265.67544555664 138.55848693848
0.81071436405182 93.899421691895 52.798835754395 176.1005859375 217.20115661621
0.8431368470192 123.89942169189 52.798835754395 206.1005859375 217.20115661621
0.80020332336426 93.899421691895 82.798835754395 176.1005859375 247.20115661621
0.7318462729454 123.89942169189 82.798835754395 206.1005859375 247.20115661621
0.73567533493042 94.195472717285 64.195472717285 235.80453491211 205.80453491211
0.75933414697647 63.75 3.75 236.25 176.25
0.74444431066513 63.75 63.75 236.25 236.25
0.72726476192474 89.01203918457 1 210.98796081543 211.97592163086
0.75370872020721 89.01203918457 28.024080276489 210.98796081543 271.97592163086
0.78234577178955 100.2035369873 1 199.7964630127 239.38938903809
0.75410634279251 100.2035369873 1 199.7964630127 299.3893737793
0.88152903318405 50.678081512451 1 249.32191467285 189.32191467285
0.70542293787003 93.899421691895 82.798835754395 176.1005859375 247.20115661621
0.72198933362961 63.75 63.75 236.25 236.25
0.74006122350693 1 40.203540802002 299.3893737793 139.7964630127
0.78977239131927 1 100.2035369873 299.3893737793 199.7964630127
