6.7121417609914
5.0601044706258
4.9339441511681
4.8769812087568
4.8449135191645
4.8228998708167
4.8112048292904
4.7813716459251
4.7703550000839
4.7652841236163
4.7380310179948
4.7260459141555
4.6987617608916
4.6850422429613
4.645866801927
4.6216040966668
4.5794606054135
4.5350940916593
4.4927292153319
4.4503346137883
4.3919565896492
4.3452054977029
4.2995084626695
4.2581950460753
4.2064396974151
4.164509172668
4.1188134836828
4.0710077834061
4.0299277090417
3.9912064761643
3.9488773843601
3.9186424063426
3.8789667195109
3.8407145071746
3.8140566168167
3.7755686462531
3.7474019777137
3.7045927547136
3.6819665204318
3.6585587744552
3.6245054264925
3.5923645210263
3.5649131569606
3.5440198219909
3.5180890839313
3.4916044971515
3.4624390387203
3.439087290146
3.4163424541743
