2.8445650965998
1.6434633372027
1.3512356881389
1.2888768332213
1.2631770232024
1.2484545390666
1.2384338747173
1.2306865061456
1.2241956013323
1.2197649434703
1.2151841053357
1.2123256487612
1.2079728950536
1.2053110357364
1.2022592295382
1.2001982476599
1.1976806634677
1.1954696760101
1.1926792550925
1.1905311882206
1.1885454519733
1.1861159008128
1.1841428152466
1.182094489679
1.1798364218143
1.1769339194667
1.1751221040491
1.1723994606451
1.170429110984
1.1678020360269
1.165264916498
1.1637480630014
1.1615152836467
1.1588773058274
1.1568973150042
1.1541916081526
1.1523484946074
1.1499956295816
1.1479065318727
1.1452483810659
1.1438741194952
1.1410057436375
1.1389606562786
