3.1068646777421
3.0855322098359
3.0651765223593
3.0457103401423
3.0268216654658
3.0100741274655
3.0019192639738
2.9860400985926
2.9700007513165
2.9538085702807
2.9378638816997
2.9221860067919
2.9085818985477
2.8969592731446
2.8873793650419
2.8705634595826
2.8574315831065
2.8441995121539
2.8304940583184
2.8166468879208
2.8025764804333
2.78773304075
2.7731871930882
2.7584916874766
2.7436378886923
2.7543045487255
2.7399884629995
2.725459353067
2.710706776008
2.7175094699487
2.7025793381035
2.6653523109853
2.6499065551907
2.6342025855556
2.618132497184
2.6089777238667
