7.9508222330508
5.5102943410559
5.2656074774838
5.2086413913303
5.214639385292
5.2103225161775
5.1195157556786
5.0108353636285
4.8654712365595
4.7603105126599
4.6286240935854
4.5241546904372
4.4090438624543
4.3275851230053
4.2464355327021
4.170135561823
4.0925534778371
4.0212339953543
3.9518175009244
3.883181929925
3.8290243961339
3.772862874036
3.7121039412998
3.669218442813
3.6113848809147
3.5559602100482
3.5165060032963
3.4788296108928
3.4300348964272
3.3947349260012
3.3438134980905
3.3130378910904
3.2730255477646
3.2347250024429
3.2018567801818
3.168468720798
3.1299853124791
3.0978055411629
3.0669884730493
3.0348303895198
3.0009070008133
2.971085787184
2.9440785364086
2.9203411111495
2.8871665013608
2.8596953711215
2.8280628008565
2.8084582873054
2.7758288116136
2.7486176006643
2.7288036203021
2.6945082048785
2.6713802524648
2.6465884631652
2.6231277553698
2.5938354658605
2.5701276422249
2.5471544950096
2.5254827365187
2.4967891425198
2.4737517932231
2.4449219055758
2.425442687476
2.4000614545819
2.378858926841
2.3532254623121
2.331417213884
2.3096276390302
2.2839071171203
2.2624507641744
2.2375960628287
2.2196619361225
2.192487869457
2.1744443084066
2.1487892634072
2.1258721115735
2.1111987225568
2.0778889096915
2.0638478119715
2.0366685702536
2.0171231119315
1.9638317836369
