3.08369328361
3.0652536544949
3.047202094458
3.0278410520405
3.0106301279739
2.9925997536629
2.9740751907229
2.9563302397728
2.9391117719933
2.9266500789672
2.9104833174497
2.8886827519163
2.8791390489787
2.8725348850712
2.8604339547455
2.8823624858633
2.8687898172066
2.8546703476459
2.8402452412993
2.8256140612066
2.8106785053387
2.7974626980722
2.7873810846359
2.7754692453891
2.7618660647422
2.7482227319852
2.7345123849809
2.746216355823
2.733259270899
2.7354980939999
2.7224990008399
2.7314725015312
2.7342927064747
2.7217593509704
2.7089200876653
2.7380475644022
2.725751535967
2.7132399287075
2.7003474831581
2.6874698027968
2.6747605577111
2.663119694218
2.6521884445101
2.641139311716
2.6278871875256
2.6142554823309
2.6002411376685
2.5857704859227
2.5706495083869
2.5548934079707
2.5385625306517
2.5213561281562
2.5040753744543
2.4862244855613
2.4678985401988
2.4490360580385
2.4299067109823
2.4325390513986
2.4349318183959
2.4369055498391
2.4151606131345
2.3925707545131
2.3696330189705
2.3673144001514
2.3434196598828
2.3186346590519
2.2932222764939
2.2671987134963
2.2408836558461
2.2137543875724
2.1865631211549
2.1593137886375
2.1317988280207
2.1042935792357
2.0766528043896
2.0489474982023
2.0218812134117
1.995229518041
1.9693025555462
1.9439040124416
1.9193968418986
1.8953005913645
1.8724266830832
1.8857442867011
1.8655546251684
1.8457296621054
1.8263054136187
1.8073708452284
1.7892802841961
1.7708472423255
1.7524431813508
1.7341897152364
1.7158135678619
1.6969453413039
1.678661217913
1.6602862272412
1.6420198492706
1.6238104384392
1.6093656402081
1.6366895418614
1.6205033324659
1.6044550295919
1.5886430945247
1.5730768870562
1.557810312137
1.5428310409188
1.5280276108533
1.5133544020355
1.4989296812564
1.4846407789737
1.4705023001879
1.4103166721761
1.3967225141823
