5.8878607153893
5.8774645328522
5.8667496442795
5.8564572930336
5.8461959958076
5.8363239169121
5.8266133666039
5.8170734643936
5.8077348470688
5.798540353775
5.7894343137741
5.7803521752357
5.7712785005569
5.7622039914131
5.7531759738922
5.7441567778587
5.7351740002632
5.7262392640114
5.7173357009888
5.708444237709
5.6995722651482
5.6907731294632
5.6820166707039
5.6732758283615
5.6645343899727
5.6557486057281
5.6469678282738
5.6381782889366
5.6293951272964
5.6205679178238
5.6117148995399
5.6028088331223
5.593872487545
5.5848978757858
5.5758283734322
5.5666618943214
5.5573922991753
