0.72370839118958 69.201461791992 47.885734558105 230.02940368652 167.21194458008
0.71259957551956 78.65941619873 27.946357727051 215.40991210938 205.83169555664
0.7159566283226 63.479858398438 65.839706420898 208.23788452148 177.68525695801
0.72003722190857 24.8095703125 1 118.64105224609 146.03756713867
0.78968191146851 108.20554351807 47.917045593262 235.74118041992 189.24197387695
0.72699403762817 1 76.074554443359 153.73272705078 239.36773681641
0.81071436405182 107.03527069092 82.719429016113 178.7424621582 234.88070678711
0.8431368470192 106.08483886719 73.097991943359 182.99618530273 245.38140869141
0.80020332336426 137.41723632812 1 201.30307006836 258.95333862305
0.7318462729454 118.68218994141 1 205.20718383789 300
0.73567533493042 106.38153839111 1 251.94284057617 137.99085998535
0.75933414697647 99.776840209961 64.060920715332 251.34272766113 237.71853637695
0.74444431066513 1 1 194.53033447266 206.1360168457
0.72726476192474 196.62971496582 132.29725646973 288.89428710938 260.1376953125
0.75370872020721 123.82654571533 44.990158081055 226.99563598633 277.71148681641
0.78234577178955 105.67337799072 1 259.01574707031 145.57229614258
0.75410634279251 110.42834472656 1 240.81039428711 242.15663146973
0.88152903318405 1 45.711837768555 112.75495147705 300
