4.5025443869541
4.502095174652
4.5010875134112
4.5024924201117
4.5025299695442
4.5024711133527
4.5024226679117
4.5019053283534
4.5020636347475
4.5025832635574
4.5031967384525
4.5021753088612
4.5016251141845
4.5019295552922
4.5033141416841
4.5031117704537
4.5036017466446
4.5026314747727
4.5034199107463
4.5031986485224
4.5020113690509
4.501167468559
4.5014760786252
4.5018050395102
4.5009508734157
4.5014139257681
4.5025946137821
4.5013131338168
4.502592070848
4.5028618847286
4.5009504828222
4.5033115113145
4.504285484659
4.501977413694
4.5018141356007
4.50237090574
4.5019669582473
4.5033035921389
4.5023944537172
4.5021451730452
4.5014175298436
4.5022693180684
4.5017495791041
4.5024010214254
4.503481538877
4.5033825995974
4.5012526785356
4.5022875321522
4.5038488815699
4.5021794291257
4.5029589502023
4.501986733578
4.5031059846135
4.5025549406146
4.5012592232213
4.5021199159117
4.5009166310201
4.502676398781
4.5021016839493
4.5024306672824
4.5026628787655
4.5021233296566
4.5035050725585
4.5024377359444
