0.72370862960815 69.201507568359 47.885955810547 230.02972412109 167.21212768555
0.71259933710098 78.65926361084 27.946350097656 215.41040039062 205.83152770996
0.71595633029938 63.479721069336 65.839851379395 208.23808288574 177.68536376953
0.72003793716431 24.809799194336 1 118.64140319824 146.03750610352
0.78968232870102 108.2057800293 47.917083740234 235.74139404297 189.24211120605
0.7269943356514 1 76.074615478516 153.73213195801 239.36776733398
0.81071442365646 107.03525543213 82.719177246094 178.74237060547 234.88040161133
0.84313702583313 106.08457946777 73.097595214844 182.99601745605 245.38104248047
0.8002028465271 137.41728210449 1 201.30311584473 258.95281982422
0.73184645175934 118.68194580078 1 205.20715332031 300
0.73567539453506 106.38134002686 1 251.94241333008 137.99052429199
0.75933355093002 99.776870727539 64.061462402344 251.34278869629 237.71890258789
0.74444425106049 1 1 194.53010559082 206.13609313965
0.72726446390152 196.62965393066 132.29737854004 288.89434814453 260.13772583008
0.75370872020721 123.82649230957 44.990898132324 226.9955291748 277.71145629883
0.7823458313942 105.67316436768 1 259.01565551758 145.57255554199
0.75410658121109 110.42839813232 1 240.81042480469 242.15658569336
0.8815290927887 1 45.711502075195 112.75466918945 300
0.70542305707932 1 208.31132507324 300 300
0.72198921442032 60.686141967773 46.331878662109 300 163.75619506836
0.74006146192551 1 46.717750549316 151.49095153809 246.65933227539
0.78977251052856 263.94485473633 91.618019104004 300 186.44009399414
