2008_000200 0.7441024184227 141.0655670166 68.699813842773 187.17485046387 113.13433837891
2008_000200 0.71168583631516 139.78080749512 55.012435913086 206.61457824707 90.691055297852
2008_000200 0.76037490367889 75.82413482666 45.702217102051 112.61534881592 209.14376831055
2008_000200 0.70062464475632 38.240653991699 52.175582885742 99.593910217285 193.39051818848
2008_000200 0.81832200288773 136.37155151367 46.034790039062 235.78530883789 162.77053833008
2008_000200 0.85277885198593 152.2763671875 28.38208770752 203.40972900391 149.33486938477
2008_000200 0.88445460796356 179.76728820801 5.8488922119141 276.25848388672 150.28526306152
2008_000200 0.82623380422592 21.233207702637 1 102.39195251465 124.61991882324
2008_000200 0.871209025383 62.434299468994 57.211452484131 160.32516479492 183.607421875
2008_000200 0.86179840564728 61.172389984131 1 133.88296508789 155.16949462891
2008_000200 0.93305826187134 136.98628234863 24.543769836426 187.91133117676 192.23495483398
2008_000200 0.86254292726517 44.617687225342 73.981956481934 112.20364379883 270.39297485352
2008_000200 0.91389542818069 94.067993164062 86.487998962402 160.29710388184 300
2008_000200 0.93857204914093 119.81800842285 30.425331115723 168.5565032959 238.31317138672
2008_000200 0.95081120729446 158.26052856445 1 211.56243896484 253.5538482666
2008_000200 0.89111864566803 128.74942016602 140.46356201172 205.73574829102 282.63833618164
2008_000200 0.89482265710831 149.67890930176 111.81715393066 239.03196716309 263.80200195312
2008_000200 0.85970395803452 164.15655517578 1.7788848876953 227.13265991211 137.1544342041
2008_000200 0.85529774427414 68.839996337891 165.42390441895 129.87171936035 300
2008_000200 0.80988109111786 1 1 34.006118774414 207.16877746582
2008_000200 0.91481447219849 79.62718963623 64.183738708496 251.59295654297 198.94354248047
2008_000200 0.77122122049332 148.91249084473 44.215934753418 300 245.87158203125
2008_000200 0.73041379451752 184.76539611816 52.28401184082 263.34582519531 300
2008_000200 0.88727647066116 22.356086730957 1 180.12390136719 213.93260192871
2008_000200 0.80082678794861 22.124176025391 119.60559082031 206.30039978027 300
2008_000210 0.73608255386353 17.152572631836 63.657238006592 208.84870910645 183.12562561035
2008_000210 0.88774615526199 1 1 121.94831085205 128.53517150879
2008_000210 0.95408344268799 28.231334686279 1 142.72413635254 71.561050415039
2008_000210 0.90094220638275 238.37884521484 1 300 190.3776550293
2008_000210 0.99227553606033 91.505905151367 1 280.44049072266 300
2008_000210 0.99430286884308 135.30499267578 87.005294799805 273.49060058594 256.89965820312
2008_000210 0.95877903699875 141.23693847656 35.991706848145 300 201.54885864258
2008_000210 0.75082218647003 59.763534545898 184.80781555176 220.19453430176 300
2008_000210 0.96264392137527 1 102.53216552734 278.12121582031 221.78881835938
2008_000210 0.88888877630234 146.71716308594 169.18923950195 300 297.55551147461
2008_000210 0.7604164481163 1 1 -20.877746582031 203.67701721191
2008_000210 0.77973055839539 1 18.622528076172 35.100994110107 231.40386962891
2008_000210 0.71470731496811 45.080596923828 208.17446899414 111.71102905273 300
2008_000210 0.94127911329269 1 168.99768066406 177.04013061523 276.30307006836
2008_000210 0.90400153398514 104.32553100586 10.308670043945 211.86019897461 243.81967163086
2008_000210 0.7910361289978 1 132.29849243164 86.049438476562 300
2008_000210 0.99167889356613 3.3320465087891 3.0878295898438 142.48692321777 300
2008_000210 0.83333021402359 1 215.91416931152 25.428016662598 300
2008_000210 0.85139417648315 1 229.6033782959 82.233352661133 300
2008_000210 0.93517565727234 1 50.368476867676 107.1535949707 208.95590209961
2008_000210 0.79180508852005 117.49626922607 1 276.92425537109 103.60690307617
2008_000210 0.98709630966187 32.306312561035 90.73046875 192.4573059082 300
2008_000210 0.91593497991562 1 303.23693847656 130.83871459961 300
