6.5570640563373
5.0236515688883
4.911510473606
4.8657222001152
4.8437798584182
4.8127517100732
4.797955895764
4.777130502216
4.7604492577038
4.7285038344939
4.6935595300262
4.6663291846086
4.6336260604757
4.5998252829371
4.5535470515393
4.5125689109012
4.452518341497
4.4054786989087
4.3562503126815
4.3060715338743
4.2636943080896
4.2151070443987
4.1685756895364
4.1264192572952
4.0830770751377
4.0445096560945
4.0081670347376
3.9649640538153
3.9305020337681
3.8917077071388
3.8624807004263
3.8217947985442
3.7857452491597
3.7558671753699
3.7272057702434
3.7017089413952
3.6700147645597
3.638517968838
3.6132366761293
3.5823465115096
3.5621204340131
3.5329054009755
3.5044093226585
3.4763017489738
3.4567256418667
3.4357942411219
3.4026081659686
3.3825867031314
3.3634567952907
3.3401804397046
3.3157932705739
3.2980603380034
3.2691402004099
3.2516896570433
3.223607329431
3.2053721890421
3.1826256104495
3.1679877122998
3.1379741530296
3.1231513757059
3.1001560319769
3.0746090989771
3.0598582331149
3.0405023623144
3.020863801644
3.0035569340766
2.9842741778856
2.9652749351449
2.9485007273207
2.9176192832511
2.9020127615491
2.890628631263
2.8724809844453
2.8470249508846
2.84416743602
2.813158927971
2.7967641459408
2.7800071325643
2.7612301016784
2.7456498232557
2.7334095719215
2.6835497634962
2.602682691385
2.5975781731808
2.5935887213652
2.590532934082
2.5876788141375
2.5849950982075
2.5824902630472
2.5792453978954
2.5758259028514
2.5744814459692
2.5711135204393
2.5689597819186
2.5668663706899
2.5644515482467
2.561690586511
2.5584653560062
2.5558240196842
2.5543865358132
2.5526984800976
2.550711533382
2.5468563575261
2.5457881405805
2.5427496049955
2.5408818479672
2.5378473187405
2.5356988224323
2.5330336664236
2.5314552194136
2.5292104704521
2.526058569804
2.5237190580896
2.5217918739897
2.5192047722996
2.5168641253154
2.5146233111614
2.5127308443101
2.5096488690047
2.5086671750298
2.5054749997083
2.5025950829156
2.5006075097894
